%Cpu(s): 28.0 us, 60.2 sy,  0.0 ni,  3.2 id,  0.0 wa,  0.0 hi,  8.6 si,  0.0 st
%Cpu(s): 25.7 us, 52.1 sy,  0.0 ni,  4.4 id,  0.0 wa,  0.0 hi, 17.8 si,  0.0 st
%Cpu(s): 23.9 us, 56.7 sy,  0.0 ni,  3.6 id,  0.0 wa,  0.0 hi, 15.8 si,  0.0 st
%Cpu(s): 26.2 us, 54.2 sy,  0.0 ni,  3.7 id,  0.0 wa,  0.0 hi, 15.9 si,  0.0 st
%Cpu(s): 24.0 us, 57.6 sy,  0.0 ni,  3.4 id,  0.0 wa,  0.0 hi, 15.0 si,  0.0 st
%Cpu(s): 24.1 us, 58.7 sy,  0.0 ni,  3.6 id,  0.0 wa,  0.0 hi, 13.6 si,  0.0 st
%Cpu(s): 23.7 us, 56.0 sy,  0.0 ni,  3.7 id,  0.0 wa,  0.0 hi, 16.6 si,  0.0 st
%Cpu(s): 24.1 us, 55.6 sy,  0.0 ni,  4.6 id,  0.0 wa,  0.0 hi, 15.6 si,  0.0 st
%Cpu(s): 24.5 us, 55.3 sy,  0.0 ni,  3.9 id,  0.0 wa,  0.0 hi, 16.3 si,  0.0 st
%Cpu(s): 27.2 us, 53.9 sy,  0.0 ni,  3.0 id,  0.0 wa,  0.0 hi, 16.0 si,  0.0 st
%Cpu(s): 24.7 us, 55.1 sy,  0.0 ni,  3.7 id,  0.0 wa,  0.0 hi, 16.6 si,  0.0 st
%Cpu(s): 25.9 us, 51.6 sy,  0.0 ni,  4.1 id,  0.0 wa,  0.0 hi, 18.5 si,  0.0 st
%Cpu(s): 25.3 us, 52.2 sy,  0.0 ni,  4.0 id,  0.0 wa,  0.0 hi, 18.4 si,  0.0 st
%Cpu(s): 28.9 us, 55.0 sy,  0.0 ni,  4.3 id,  0.0 wa,  0.0 hi, 11.7 si,  0.0 st
%Cpu(s): 24.3 us, 56.9 sy,  0.0 ni,  3.7 id,  0.0 wa,  0.0 hi, 15.2 si,  0.0 st
%Cpu(s): 27.0 us, 53.0 sy,  0.0 ni,  3.7 id,  0.0 wa,  0.0 hi, 16.3 si,  0.0 st
%Cpu(s): 28.1 us, 51.8 sy,  0.0 ni,  5.3 id,  0.0 wa,  0.0 hi, 14.8 si,  0.0 st
%Cpu(s): 28.2 us, 53.5 sy,  0.0 ni,  4.3 id,  0.0 wa,  0.0 hi, 14.0 si,  0.0 st
%Cpu(s): 23.0 us, 53.2 sy,  0.0 ni,  5.1 id,  0.0 wa,  0.0 hi, 18.6 si,  0.0 st
%Cpu(s): 26.3 us, 56.5 sy,  0.0 ni,  2.6 id,  0.0 wa,  0.0 hi, 14.6 si,  0.0 st
%Cpu(s): 23.8 us, 57.5 sy,  0.0 ni,  4.1 id,  0.0 wa,  0.0 hi, 14.7 si,  0.0 st
%Cpu(s): 24.5 us, 54.5 sy,  0.0 ni,  3.5 id,  0.0 wa,  0.0 hi, 17.6 si,  0.0 st
%Cpu(s): 24.2 us, 55.3 sy,  0.0 ni,  3.1 id,  0.0 wa,  0.0 hi, 17.4 si,  0.0 st
%Cpu(s): 22.6 us, 56.7 sy,  0.0 ni,  2.2 id,  0.0 wa,  0.0 hi, 18.5 si,  0.0 st
%Cpu(s): 24.9 us, 53.7 sy,  0.0 ni,  4.2 id,  0.0 wa,  0.0 hi, 17.2 si,  0.0 st
%Cpu(s): 26.1 us, 55.1 sy,  0.0 ni,  4.1 id,  0.0 wa,  0.0 hi, 14.6 si,  0.0 st
%Cpu(s): 22.0 us, 60.5 sy,  0.0 ni,  2.7 id,  0.0 wa,  0.0 hi, 14.9 si,  0.0 st
%Cpu(s): 28.3 us, 54.4 sy,  0.0 ni,  2.4 id,  0.0 wa,  0.0 hi, 14.9 si,  0.0 st
%Cpu(s): 24.5 us, 59.2 sy,  0.0 ni,  5.2 id,  0.0 wa,  0.0 hi, 11.1 si,  0.0 st
%Cpu(s): 23.7 us, 54.6 sy,  0.0 ni,  4.6 id,  0.0 wa,  0.0 hi, 17.1 si,  0.0 st
%Cpu(s): 23.4 us, 53.3 sy,  0.0 ni,  3.4 id,  0.0 wa,  0.0 hi, 20.0 si,  0.0 st
%Cpu(s): 24.0 us, 54.0 sy,  0.0 ni,  3.9 id,  0.0 wa,  0.0 hi, 18.1 si,  0.0 st
%Cpu(s): 29.4 us, 47.2 sy,  0.0 ni,  3.4 id,  0.0 wa,  0.0 hi, 20.0 si,  0.0 st
%Cpu(s): 22.1 us, 59.0 sy,  0.0 ni,  4.3 id,  0.0 wa,  0.0 hi, 14.6 si,  0.0 st
%Cpu(s): 26.4 us, 55.7 sy,  0.0 ni,  2.1 id,  0.0 wa,  0.0 hi, 15.7 si,  0.0 st
%Cpu(s): 24.4 us, 54.8 sy,  0.0 ni,  3.8 id,  0.0 wa,  0.0 hi, 17.1 si,  0.0 st
%Cpu(s): 24.6 us, 56.2 sy,  0.0 ni,  3.6 id,  0.0 wa,  0.0 hi, 15.6 si,  0.0 st
%Cpu(s): 26.4 us, 57.6 sy,  0.0 ni,  3.4 id,  0.0 wa,  0.0 hi, 12.6 si,  0.0 st
%Cpu(s): 21.1 us, 60.5 sy,  0.0 ni,  2.5 id,  0.2 wa,  0.0 hi, 15.6 si,  0.0 st
%Cpu(s): 25.4 us, 56.2 sy,  0.0 ni,  3.9 id,  0.0 wa,  0.0 hi, 14.5 si,  0.0 st
%Cpu(s): 28.4 us, 53.5 sy,  0.0 ni,  3.7 id,  0.0 wa,  0.0 hi, 14.4 si,  0.0 st
%Cpu(s): 24.4 us, 57.0 sy,  0.0 ni,  3.4 id,  0.0 wa,  0.0 hi, 15.2 si,  0.0 st
%Cpu(s): 25.5 us, 55.9 sy,  0.0 ni,  3.4 id,  0.0 wa,  0.0 hi, 15.2 si,  0.0 st
%Cpu(s): 21.0 us, 56.8 sy,  0.0 ni,  3.5 id,  0.0 wa,  0.0 hi, 18.8 si,  0.0 st
%Cpu(s): 22.1 us, 59.5 sy,  0.0 ni,  2.9 id,  0.0 wa,  0.0 hi, 15.5 si,  0.0 st
%Cpu(s): 23.0 us, 54.7 sy,  0.0 ni,  3.2 id,  0.0 wa,  0.0 hi, 19.1 si,  0.0 st
%Cpu(s): 27.7 us, 52.9 sy,  0.0 ni,  4.8 id,  0.0 wa,  0.0 hi, 14.6 si,  0.0 st
%Cpu(s): 25.1 us, 57.8 sy,  0.0 ni,  3.1 id,  0.0 wa,  0.0 hi, 14.0 si,  0.0 st
%Cpu(s): 22.9 us, 55.6 sy,  0.0 ni,  3.0 id,  0.0 wa,  0.0 hi, 18.5 si,  0.0 st
%Cpu(s): 24.9 us, 56.3 sy,  0.0 ni,  3.5 id,  0.0 wa,  0.0 hi, 15.3 si,  0.0 st
%Cpu(s): 22.1 us, 57.8 sy,  0.0 ni,  4.0 id,  0.0 wa,  0.0 hi, 16.1 si,  0.0 st
%Cpu(s): 23.7 us, 55.2 sy,  0.0 ni,  3.8 id,  0.0 wa,  0.0 hi, 17.3 si,  0.0 st
%Cpu(s): 24.3 us, 57.8 sy,  0.0 ni,  4.6 id,  0.0 wa,  0.0 hi, 13.3 si,  0.0 st
%Cpu(s): 25.8 us, 52.8 sy,  0.0 ni,  3.0 id,  0.0 wa,  0.0 hi, 18.4 si,  0.0 st
%Cpu(s): 23.5 us, 54.1 sy,  0.0 ni,  4.7 id,  0.0 wa,  0.0 hi, 17.8 si,  0.0 st
%Cpu(s): 27.6 us, 51.7 sy,  0.0 ni,  4.7 id,  0.0 wa,  0.0 hi, 15.9 si,  0.0 st
%Cpu(s): 27.1 us, 53.5 sy,  0.0 ni,  3.1 id,  0.0 wa,  0.0 hi, 16.2 si,  0.0 st
%Cpu(s): 27.2 us, 55.2 sy,  0.0 ni,  2.2 id,  0.0 wa,  0.0 hi, 15.4 si,  0.0 st
%Cpu(s): 25.7 us, 51.2 sy,  0.0 ni,  5.1 id,  0.0 wa,  0.0 hi, 17.9 si,  0.0 st
%Cpu(s): 22.7 us, 58.7 sy,  0.0 ni,  3.6 id,  0.0 wa,  0.0 hi, 15.0 si,  0.0 st
%Cpu(s): 26.5 us, 58.3 sy,  0.0 ni,  3.4 id,  0.0 wa,  0.0 hi, 11.8 si,  0.0 st
%Cpu(s): 23.9 us, 57.4 sy,  0.0 ni,  5.2 id,  0.0 wa,  0.0 hi, 13.5 si,  0.0 st
%Cpu(s): 27.5 us, 53.5 sy,  0.0 ni,  3.5 id,  0.0 wa,  0.0 hi, 15.5 si,  0.0 st
%Cpu(s): 25.5 us, 55.9 sy,  0.0 ni,  4.5 id,  0.0 wa,  0.0 hi, 14.1 si,  0.0 st
%Cpu(s): 30.5 us, 48.6 sy,  0.0 ni,  6.1 id,  0.0 wa,  0.0 hi, 14.7 si,  0.0 st
%Cpu(s): 27.6 us, 52.9 sy,  0.0 ni,  3.4 id,  0.0 wa,  0.0 hi, 16.1 si,  0.0 st
%Cpu(s): 24.6 us, 58.1 sy,  0.0 ni,  3.4 id,  0.0 wa,  0.0 hi, 13.8 si,  0.0 st
%Cpu(s): 24.8 us, 54.9 sy,  0.0 ni,  4.2 id,  0.0 wa,  0.0 hi, 16.2 si,  0.0 st
%Cpu(s): 23.4 us, 56.4 sy,  0.0 ni,  4.6 id,  0.0 wa,  0.0 hi, 15.6 si,  0.0 st
%Cpu(s): 26.7 us, 54.1 sy,  0.0 ni,  3.6 id,  0.0 wa,  0.0 hi, 15.6 si,  0.0 st
%Cpu(s): 26.6 us, 55.2 sy,  0.0 ni,  4.8 id,  0.0 wa,  0.0 hi, 13.3 si,  0.0 st
%Cpu(s): 25.4 us, 55.9 sy,  0.0 ni,  4.2 id,  0.0 wa,  0.0 hi, 14.5 si,  0.0 st
%Cpu(s): 26.5 us, 53.3 sy,  0.0 ni,  4.6 id,  0.0 wa,  0.0 hi, 15.7 si,  0.0 st
%Cpu(s): 26.3 us, 52.0 sy,  0.0 ni,  6.0 id,  0.0 wa,  0.0 hi, 15.8 si,  0.0 st
%Cpu(s): 28.3 us, 52.1 sy,  0.0 ni,  4.0 id,  0.0 wa,  0.0 hi, 15.6 si,  0.0 st
%Cpu(s): 24.0 us, 54.8 sy,  0.0 ni,  3.5 id,  0.0 wa,  0.0 hi, 17.7 si,  0.0 st
%Cpu(s): 24.1 us, 54.8 sy,  0.0 ni,  4.9 id,  0.0 wa,  0.0 hi, 16.2 si,  0.0 st
%Cpu(s): 26.9 us, 52.9 sy,  0.0 ni,  4.6 id,  0.0 wa,  0.0 hi, 15.6 si,  0.0 st
%Cpu(s): 30.6 us, 49.6 sy,  0.0 ni,  3.8 id,  0.0 wa,  0.0 hi, 15.9 si,  0.0 st
%Cpu(s): 23.7 us, 54.9 sy,  0.0 ni,  4.4 id,  0.0 wa,  0.0 hi, 17.0 si,  0.0 st
%Cpu(s): 22.6 us, 58.0 sy,  0.0 ni,  4.5 id,  0.0 wa,  0.0 hi, 15.0 si,  0.0 st
%Cpu(s): 28.5 us, 53.5 sy,  0.0 ni,  4.7 id,  0.0 wa,  0.0 hi, 13.2 si,  0.0 st
%Cpu(s): 25.6 us, 54.8 sy,  0.0 ni,  3.9 id,  0.0 wa,  0.0 hi, 15.7 si,  0.0 st
%Cpu(s): 29.4 us, 52.8 sy,  0.0 ni,  5.7 id,  0.0 wa,  0.0 hi, 12.1 si,  0.0 st
%Cpu(s): 26.5 us, 54.9 sy,  0.0 ni,  6.0 id,  0.0 wa,  0.0 hi, 12.6 si,  0.0 st
%Cpu(s): 28.3 us, 55.2 sy,  0.0 ni,  5.4 id,  0.0 wa,  0.0 hi, 11.1 si,  0.0 st
%Cpu(s): 29.5 us, 51.6 sy,  0.0 ni,  5.8 id,  0.0 wa,  0.0 hi, 13.1 si,  0.0 st
%Cpu(s): 24.3 us, 57.8 sy,  0.0 ni,  5.3 id,  0.0 wa,  0.0 hi, 12.6 si,  0.0 st
%Cpu(s): 26.0 us, 54.5 sy,  0.0 ni,  5.6 id,  0.0 wa,  0.0 hi, 13.9 si,  0.0 st
%Cpu(s): 28.7 us, 53.6 sy,  0.0 ni,  5.0 id,  0.0 wa,  0.0 hi, 12.8 si,  0.0 st
%Cpu(s): 28.4 us, 52.4 sy,  0.0 ni,  5.7 id,  0.0 wa,  0.0 hi, 13.5 si,  0.0 st
%Cpu(s): 24.8 us, 57.3 sy,  0.0 ni,  4.8 id,  0.0 wa,  0.0 hi, 13.1 si,  0.0 st
%Cpu(s): 29.0 us, 51.9 sy,  0.0 ni,  4.4 id,  0.0 wa,  0.0 hi, 14.7 si,  0.0 st
%Cpu(s): 28.0 us, 54.0 sy,  0.0 ni,  5.2 id,  0.0 wa,  0.0 hi, 12.8 si,  0.0 st
%Cpu(s): 25.1 us, 56.7 sy,  0.0 ni,  5.0 id,  0.0 wa,  0.0 hi, 13.2 si,  0.0 st
%Cpu(s): 25.3 us, 58.1 sy,  0.0 ni,  5.4 id,  0.0 wa,  0.0 hi, 11.2 si,  0.0 st
%Cpu(s): 23.1 us, 58.6 sy,  0.0 ni,  4.3 id,  0.0 wa,  0.0 hi, 14.0 si,  0.0 st
%Cpu(s): 27.3 us, 56.3 sy,  0.0 ni,  5.2 id,  0.0 wa,  0.0 hi, 11.3 si,  0.0 st
%Cpu(s): 25.3 us, 59.5 sy,  0.0 ni,  4.4 id,  0.0 wa,  0.0 hi, 10.8 si,  0.0 st
%Cpu(s): 29.7 us, 53.7 sy,  0.0 ni,  4.3 id,  0.0 wa,  0.0 hi, 12.4 si,  0.0 st
%Cpu(s): 27.4 us, 53.4 sy,  0.0 ni,  6.3 id,  0.0 wa,  0.0 hi, 12.9 si,  0.0 st
%Cpu(s): 26.9 us, 57.1 sy,  0.0 ni,  5.7 id,  0.0 wa,  0.0 hi, 10.2 si,  0.0 st
%Cpu(s): 25.9 us, 55.9 sy,  0.0 ni,  6.6 id,  0.0 wa,  0.0 hi, 11.6 si,  0.0 st
%Cpu(s): 25.5 us, 58.7 sy,  0.0 ni,  5.5 id,  0.0 wa,  0.0 hi, 10.3 si,  0.0 st
%Cpu(s): 28.1 us, 54.2 sy,  0.0 ni,  7.0 id,  0.0 wa,  0.0 hi, 10.7 si,  0.0 st
%Cpu(s): 27.9 us, 53.2 sy,  0.0 ni,  6.6 id,  0.0 wa,  0.0 hi, 12.4 si,  0.0 st
%Cpu(s): 23.0 us, 60.4 sy,  0.0 ni,  5.5 id,  0.0 wa,  0.0 hi, 11.0 si,  0.0 st
%Cpu(s): 29.6 us, 52.6 sy,  0.0 ni,  5.2 id,  0.0 wa,  0.0 hi, 12.7 si,  0.0 st
%Cpu(s): 27.2 us, 54.4 sy,  0.0 ni,  4.9 id,  0.2 wa,  0.0 hi, 13.2 si,  0.0 st
%Cpu(s): 26.3 us, 56.3 sy,  0.0 ni,  3.5 id,  0.0 wa,  0.0 hi, 13.8 si,  0.0 st
%Cpu(s): 28.1 us, 55.9 sy,  0.0 ni,  4.8 id,  0.0 wa,  0.0 hi, 11.3 si,  0.0 st
%Cpu(s): 27.0 us, 55.9 sy,  0.0 ni,  4.3 id,  0.0 wa,  0.0 hi, 12.8 si,  0.0 st
%Cpu(s): 25.4 us, 59.8 sy,  0.0 ni,  4.4 id,  0.0 wa,  0.0 hi, 10.5 si,  0.0 st
%Cpu(s): 30.3 us, 56.3 sy,  0.0 ni,  3.4 id,  0.0 wa,  0.0 hi, 10.0 si,  0.0 st
%Cpu(s): 22.6 us, 60.7 sy,  0.0 ni,  6.7 id,  0.0 wa,  0.0 hi, 10.0 si,  0.0 st
%Cpu(s): 26.6 us, 58.3 sy,  0.0 ni,  5.6 id,  0.0 wa,  0.0 hi,  9.5 si,  0.0 st
%Cpu(s): 26.9 us, 57.5 sy,  0.0 ni,  4.9 id,  0.0 wa,  0.0 hi, 10.7 si,  0.0 st
%Cpu(s): 25.3 us, 57.1 sy,  0.0 ni,  6.0 id,  0.0 wa,  0.0 hi, 11.7 si,  0.0 st
%Cpu(s): 25.2 us, 57.7 sy,  0.0 ni,  6.7 id,  0.0 wa,  0.0 hi, 10.4 si,  0.0 st
%Cpu(s): 27.6 us, 51.1 sy,  0.0 ni,  5.0 id,  0.0 wa,  0.0 hi, 16.3 si,  0.0 st
%Cpu(s): 26.6 us, 56.8 sy,  0.0 ni,  6.0 id,  0.0 wa,  0.0 hi, 10.6 si,  0.0 st
%Cpu(s): 25.9 us, 56.9 sy,  0.0 ni,  5.1 id,  0.0 wa,  0.0 hi, 12.1 si,  0.0 st
%Cpu(s): 27.5 us, 56.2 sy,  0.0 ni,  4.8 id,  0.0 wa,  0.0 hi, 11.5 si,  0.0 st
%Cpu(s): 24.8 us, 60.0 sy,  0.0 ni,  3.7 id,  0.0 wa,  0.0 hi, 11.5 si,  0.0 st
%Cpu(s): 24.7 us, 59.1 sy,  0.0 ni,  5.8 id,  0.0 wa,  0.0 hi, 10.4 si,  0.0 st
%Cpu(s): 23.8 us, 58.6 sy,  0.0 ni,  4.4 id,  0.0 wa,  0.0 hi, 13.2 si,  0.0 st
%Cpu(s): 26.4 us, 57.5 sy,  0.0 ni,  4.7 id,  0.0 wa,  0.0 hi, 11.4 si,  0.0 st
%Cpu(s): 26.5 us, 58.6 sy,  0.0 ni,  5.3 id,  0.0 wa,  0.0 hi,  9.6 si,  0.0 st
%Cpu(s): 24.5 us, 53.8 sy,  0.0 ni,  5.3 id,  0.0 wa,  0.0 hi, 16.5 si,  0.0 st
%Cpu(s): 21.3 us, 59.6 sy,  0.0 ni,  5.0 id,  0.0 wa,  0.0 hi, 14.1 si,  0.0 st
%Cpu(s): 23.6 us, 59.3 sy,  0.0 ni,  5.3 id,  0.0 wa,  0.0 hi, 11.8 si,  0.0 st
%Cpu(s): 25.8 us, 57.4 sy,  0.0 ni,  5.6 id,  0.0 wa,  0.0 hi, 11.2 si,  0.0 st
%Cpu(s): 22.5 us, 58.0 sy,  0.0 ni,  4.2 id,  0.0 wa,  0.0 hi, 15.2 si,  0.0 st
%Cpu(s): 25.5 us, 59.0 sy,  0.0 ni,  3.9 id,  0.0 wa,  0.0 hi, 11.7 si,  0.0 st
%Cpu(s): 23.2 us, 56.7 sy,  0.0 ni,  4.6 id,  0.0 wa,  0.0 hi, 15.5 si,  0.0 st
%Cpu(s): 24.2 us, 58.7 sy,  0.0 ni,  5.1 id,  0.0 wa,  0.0 hi, 12.1 si,  0.0 st
%Cpu(s): 25.4 us, 56.5 sy,  0.0 ni,  4.7 id,  0.0 wa,  0.0 hi, 13.3 si,  0.0 st
%Cpu(s): 24.2 us, 57.4 sy,  0.0 ni,  4.1 id,  0.0 wa,  0.0 hi, 14.3 si,  0.0 st
%Cpu(s): 28.1 us, 55.7 sy,  0.0 ni,  6.4 id,  0.0 wa,  0.0 hi,  9.9 si,  0.0 st
%Cpu(s): 21.9 us, 60.6 sy,  0.0 ni,  6.7 id,  0.0 wa,  0.0 hi, 10.8 si,  0.0 st
%Cpu(s): 31.0 us, 52.6 sy,  0.0 ni,  5.4 id,  0.0 wa,  0.0 hi, 11.1 si,  0.0 st
%Cpu(s): 25.9 us, 56.3 sy,  0.0 ni,  3.9 id,  0.0 wa,  0.0 hi, 13.9 si,  0.0 st
%Cpu(s): 30.6 us, 52.1 sy,  0.0 ni,  4.3 id,  0.0 wa,  0.0 hi, 13.0 si,  0.0 st
%Cpu(s): 25.1 us, 56.1 sy,  0.0 ni,  4.8 id,  0.0 wa,  0.0 hi, 14.0 si,  0.0 st
%Cpu(s): 25.1 us, 56.8 sy,  0.0 ni,  5.2 id,  0.0 wa,  0.0 hi, 12.9 si,  0.0 st
%Cpu(s): 27.2 us, 52.3 sy,  0.0 ni,  6.2 id,  0.0 wa,  0.0 hi, 14.4 si,  0.0 st
%Cpu(s): 29.5 us, 54.3 sy,  0.0 ni,  4.3 id,  0.0 wa,  0.0 hi, 11.8 si,  0.0 st
%Cpu(s): 25.8 us, 52.1 sy,  0.0 ni,  6.4 id,  0.0 wa,  0.0 hi, 15.7 si,  0.0 st
%Cpu(s): 27.3 us, 56.6 sy,  0.0 ni,  5.4 id,  0.0 wa,  0.0 hi, 10.7 si,  0.0 st
%Cpu(s): 23.4 us, 55.2 sy,  0.0 ni,  6.8 id,  0.0 wa,  0.0 hi, 14.6 si,  0.0 st
%Cpu(s): 24.8 us, 57.4 sy,  0.0 ni,  4.2 id,  0.0 wa,  0.0 hi, 13.7 si,  0.0 st
%Cpu(s): 24.3 us, 59.0 sy,  0.0 ni,  3.9 id,  0.0 wa,  0.0 hi, 12.9 si,  0.0 st
%Cpu(s): 23.5 us, 56.2 sy,  0.0 ni,  5.6 id,  0.0 wa,  0.0 hi, 14.7 si,  0.0 st
%Cpu(s): 25.3 us, 55.1 sy,  0.0 ni,  5.0 id,  0.0 wa,  0.0 hi, 14.7 si,  0.0 st
%Cpu(s): 26.9 us, 55.5 sy,  0.0 ni,  4.3 id,  0.0 wa,  0.0 hi, 13.3 si,  0.0 st
%Cpu(s): 29.2 us, 51.3 sy,  0.0 ni,  5.1 id,  0.0 wa,  0.0 hi, 14.4 si,  0.0 st
%Cpu(s): 26.4 us, 57.1 sy,  0.0 ni,  6.7 id,  0.0 wa,  0.0 hi,  9.7 si,  0.0 st
%Cpu(s): 26.4 us, 56.0 sy,  0.0 ni,  5.0 id,  0.0 wa,  0.0 hi, 12.6 si,  0.0 st
%Cpu(s): 29.2 us, 53.0 sy,  0.0 ni,  4.5 id,  0.0 wa,  0.0 hi, 13.4 si,  0.0 st
%Cpu(s): 26.9 us, 58.2 sy,  0.0 ni,  4.1 id,  0.0 wa,  0.0 hi, 10.8 si,  0.0 st
%Cpu(s): 25.7 us, 57.5 sy,  0.0 ni,  6.4 id,  0.0 wa,  0.0 hi, 10.5 si,  0.0 st
%Cpu(s): 25.1 us, 56.6 sy,  0.0 ni,  6.5 id,  0.0 wa,  0.0 hi, 11.9 si,  0.0 st
%Cpu(s): 27.3 us, 55.0 sy,  0.0 ni,  5.6 id,  0.0 wa,  0.0 hi, 12.2 si,  0.0 st
%Cpu(s): 28.0 us, 58.7 sy,  0.0 ni,  4.5 id,  0.0 wa,  0.0 hi,  8.8 si,  0.0 st
%Cpu(s): 26.9 us, 54.3 sy,  0.0 ni,  4.4 id,  0.0 wa,  0.0 hi, 14.4 si,  0.0 st
%Cpu(s): 26.8 us, 58.0 sy,  0.0 ni,  5.3 id,  0.0 wa,  0.0 hi,  9.9 si,  0.0 st
%Cpu(s): 22.7 us, 57.0 sy,  0.0 ni,  2.9 id,  0.0 wa,  0.0 hi, 17.4 si,  0.0 st
%Cpu(s): 28.1 us, 54.3 sy,  0.0 ni,  4.7 id,  0.0 wa,  0.0 hi, 12.8 si,  0.0 st
%Cpu(s): 28.4 us, 53.8 sy,  0.0 ni,  5.8 id,  0.0 wa,  0.0 hi, 12.1 si,  0.0 st
%Cpu(s): 26.2 us, 56.7 sy,  0.0 ni,  4.8 id,  0.0 wa,  0.0 hi, 12.3 si,  0.0 st
%Cpu(s): 28.1 us, 54.5 sy,  0.0 ni,  6.0 id,  0.0 wa,  0.0 hi, 11.4 si,  0.0 st
%Cpu(s): 27.6 us, 51.3 sy,  0.0 ni,  5.9 id,  0.0 wa,  0.0 hi, 15.2 si,  0.0 st
%Cpu(s): 29.2 us, 53.4 sy,  0.0 ni,  5.1 id,  0.0 wa,  0.0 hi, 12.3 si,  0.0 st
%Cpu(s): 29.0 us, 52.4 sy,  0.0 ni,  6.8 id,  0.0 wa,  0.0 hi, 11.8 si,  0.0 st
%Cpu(s): 28.1 us, 55.9 sy,  0.0 ni,  4.7 id,  0.0 wa,  0.0 hi, 11.3 si,  0.0 st
%Cpu(s): 28.7 us, 51.6 sy,  0.0 ni,  2.9 id,  0.0 wa,  0.0 hi, 16.9 si,  0.0 st
%Cpu(s): 26.2 us, 55.0 sy,  0.0 ni,  4.7 id,  0.0 wa,  0.0 hi, 14.1 si,  0.0 st
%Cpu(s): 22.9 us, 58.8 sy,  0.0 ni,  4.6 id,  0.0 wa,  0.0 hi, 13.7 si,  0.0 st
%Cpu(s): 20.9 us, 61.7 sy,  0.0 ni,  6.6 id,  0.0 wa,  0.0 hi, 10.8 si,  0.0 st
%Cpu(s): 25.0 us, 59.4 sy,  0.0 ni,  5.0 id,  0.0 wa,  0.0 hi, 10.6 si,  0.0 st
%Cpu(s): 29.1 us, 51.7 sy,  0.0 ni,  5.1 id,  0.0 wa,  0.0 hi, 14.1 si,  0.0 st
%Cpu(s): 23.8 us, 53.9 sy,  0.0 ni,  5.8 id,  0.0 wa,  0.0 hi, 16.5 si,  0.0 st
%Cpu(s): 29.1 us, 53.1 sy,  0.0 ni,  5.1 id,  0.0 wa,  0.0 hi, 12.7 si,  0.0 st
%Cpu(s): 28.7 us, 55.3 sy,  0.0 ni,  4.6 id,  0.0 wa,  0.0 hi, 11.4 si,  0.0 st
%Cpu(s): 28.1 us, 55.7 sy,  0.0 ni,  3.9 id,  0.0 wa,  0.0 hi, 12.3 si,  0.0 st
%Cpu(s): 25.4 us, 54.5 sy,  0.0 ni,  5.1 id,  0.0 wa,  0.0 hi, 15.0 si,  0.0 st
%Cpu(s): 24.7 us, 56.3 sy,  0.0 ni,  5.2 id,  0.0 wa,  0.0 hi, 13.8 si,  0.0 st
%Cpu(s): 24.6 us, 58.0 sy,  0.0 ni,  5.2 id,  0.2 wa,  0.0 hi, 11.9 si,  0.0 st
%Cpu(s): 24.8 us, 52.2 sy,  0.0 ni,  4.4 id,  0.0 wa,  0.0 hi, 18.7 si,  0.0 st
%Cpu(s): 26.2 us, 54.1 sy,  0.0 ni,  7.0 id,  0.0 wa,  0.0 hi, 12.6 si,  0.0 st
%Cpu(s): 27.3 us, 54.6 sy,  0.0 ni,  5.1 id,  0.0 wa,  0.0 hi, 13.0 si,  0.0 st
%Cpu(s): 23.3 us, 55.0 sy,  0.0 ni,  4.2 id,  0.0 wa,  0.0 hi, 17.6 si,  0.0 st
%Cpu(s): 30.8 us, 53.9 sy,  0.0 ni,  5.3 id,  0.0 wa,  0.0 hi, 10.0 si,  0.0 st
%Cpu(s): 27.5 us, 52.8 sy,  0.0 ni,  6.8 id,  0.0 wa,  0.0 hi, 12.9 si,  0.0 st
%Cpu(s): 22.2 us, 63.9 sy,  0.0 ni,  2.9 id,  0.0 wa,  0.0 hi, 11.0 si,  0.0 st
%Cpu(s): 27.9 us, 53.9 sy,  0.0 ni,  4.9 id,  0.0 wa,  0.0 hi, 13.2 si,  0.0 st
%Cpu(s): 24.9 us, 57.2 sy,  0.0 ni,  5.1 id,  0.0 wa,  0.0 hi, 12.8 si,  0.0 st
%Cpu(s): 27.0 us, 55.3 sy,  0.0 ni,  4.9 id,  0.0 wa,  0.0 hi, 12.8 si,  0.0 st
%Cpu(s): 22.5 us, 59.3 sy,  0.0 ni,  5.0 id,  0.0 wa,  0.0 hi, 13.2 si,  0.0 st
%Cpu(s): 28.1 us, 54.2 sy,  0.0 ni,  5.5 id,  0.0 wa,  0.0 hi, 12.2 si,  0.0 st
%Cpu(s): 27.5 us, 55.5 sy,  0.0 ni,  5.8 id,  0.0 wa,  0.0 hi, 11.2 si,  0.0 st
%Cpu(s): 25.0 us, 53.8 sy,  0.0 ni,  5.3 id,  0.0 wa,  0.0 hi, 15.9 si,  0.0 st
%Cpu(s): 21.5 us, 60.1 sy,  0.0 ni,  3.7 id,  0.0 wa,  0.0 hi, 14.7 si,  0.0 st
%Cpu(s): 23.8 us, 59.1 sy,  0.0 ni,  4.4 id,  0.0 wa,  0.0 hi, 12.7 si,  0.0 st
%Cpu(s): 30.6 us, 53.5 sy,  0.0 ni,  3.7 id,  0.0 wa,  0.0 hi, 12.2 si,  0.0 st
%Cpu(s): 24.7 us, 56.7 sy,  0.0 ni,  6.3 id,  0.0 wa,  0.0 hi, 12.3 si,  0.0 st
%Cpu(s): 26.1 us, 52.7 sy,  0.0 ni,  7.2 id,  0.0 wa,  0.0 hi, 14.0 si,  0.0 st
%Cpu(s): 25.0 us, 54.8 sy,  0.0 ni,  6.0 id,  0.0 wa,  0.0 hi, 14.2 si,  0.0 st
%Cpu(s): 24.9 us, 54.7 sy,  0.0 ni,  3.6 id,  0.0 wa,  0.0 hi, 16.8 si,  0.0 st
%Cpu(s): 24.8 us, 52.5 sy,  0.0 ni,  4.5 id,  0.0 wa,  0.0 hi, 18.3 si,  0.0 st
%Cpu(s): 26.8 us, 55.1 sy,  0.0 ni,  4.8 id,  0.0 wa,  0.0 hi, 13.3 si,  0.0 st
%Cpu(s): 22.2 us, 57.5 sy,  0.0 ni,  4.9 id,  0.0 wa,  0.0 hi, 15.3 si,  0.0 st
%Cpu(s): 30.1 us, 49.6 sy,  0.0 ni,  5.8 id,  0.0 wa,  0.0 hi, 14.5 si,  0.0 st
%Cpu(s): 28.3 us, 53.4 sy,  0.0 ni,  6.0 id,  0.0 wa,  0.0 hi, 12.3 si,  0.0 st
%Cpu(s): 23.1 us, 61.2 sy,  0.0 ni,  4.1 id,  0.0 wa,  0.0 hi, 11.7 si,  0.0 st
%Cpu(s): 26.1 us, 54.1 sy,  0.0 ni,  7.4 id,  0.0 wa,  0.0 hi, 12.4 si,  0.0 st
%Cpu(s): 29.0 us, 52.9 sy,  0.0 ni,  6.3 id,  0.0 wa,  0.0 hi, 11.7 si,  0.0 st
%Cpu(s): 28.4 us, 49.9 sy,  0.0 ni,  5.4 id,  0.0 wa,  0.0 hi, 16.4 si,  0.0 st
%Cpu(s): 26.4 us, 56.4 sy,  0.0 ni,  4.7 id,  0.0 wa,  0.0 hi, 12.5 si,  0.0 st
%Cpu(s): 30.3 us, 53.8 sy,  0.0 ni,  5.6 id,  0.0 wa,  0.0 hi, 10.4 si,  0.0 st
%Cpu(s): 23.6 us, 57.4 sy,  0.0 ni,  4.9 id,  0.0 wa,  0.0 hi, 14.0 si,  0.0 st
%Cpu(s): 23.7 us, 56.1 sy,  0.0 ni,  6.1 id,  0.0 wa,  0.0 hi, 14.1 si,  0.0 st
%Cpu(s): 21.4 us, 59.0 sy,  0.0 ni,  5.1 id,  0.0 wa,  0.0 hi, 14.6 si,  0.0 st
%Cpu(s): 21.7 us, 60.3 sy,  0.0 ni,  5.6 id,  0.0 wa,  0.0 hi, 12.4 si,  0.0 st
%Cpu(s): 25.3 us, 56.7 sy,  0.0 ni,  5.6 id,  0.0 wa,  0.0 hi, 12.4 si,  0.0 st
%Cpu(s): 25.2 us, 54.2 sy,  0.0 ni,  4.5 id,  0.0 wa,  0.0 hi, 16.0 si,  0.0 st
%Cpu(s): 25.7 us, 54.5 sy,  0.0 ni,  4.5 id,  0.0 wa,  0.0 hi, 15.3 si,  0.0 st
%Cpu(s): 22.3 us, 61.4 sy,  0.0 ni,  4.0 id,  0.0 wa,  0.0 hi, 12.4 si,  0.0 st
%Cpu(s): 25.9 us, 53.5 sy,  0.0 ni,  5.0 id,  0.0 wa,  0.0 hi, 15.6 si,  0.0 st
%Cpu(s): 28.4 us, 53.6 sy,  0.0 ni,  5.8 id,  0.0 wa,  0.0 hi, 12.3 si,  0.0 st
%Cpu(s): 28.2 us, 56.4 sy,  0.0 ni,  3.9 id,  0.0 wa,  0.0 hi, 11.6 si,  0.0 st
%Cpu(s): 23.3 us, 60.0 sy,  0.0 ni,  5.2 id,  0.0 wa,  0.0 hi, 11.5 si,  0.0 st
%Cpu(s): 25.7 us, 58.0 sy,  0.0 ni,  5.6 id,  0.0 wa,  0.0 hi, 10.7 si,  0.0 st
%Cpu(s): 25.8 us, 55.1 sy,  0.0 ni,  4.6 id,  0.0 wa,  0.0 hi, 14.5 si,  0.0 st
%Cpu(s): 24.8 us, 57.2 sy,  0.0 ni,  4.6 id,  0.0 wa,  0.0 hi, 13.4 si,  0.0 st
%Cpu(s): 26.5 us, 55.8 sy,  0.0 ni,  3.9 id,  0.0 wa,  0.0 hi, 13.8 si,  0.0 st
%Cpu(s): 27.3 us, 54.7 sy,  0.0 ni,  2.2 id,  0.0 wa,  0.0 hi, 15.8 si,  0.0 st
%Cpu(s): 26.7 us, 54.8 sy,  0.0 ni,  6.1 id,  0.0 wa,  0.0 hi, 12.5 si,  0.0 st
%Cpu(s): 26.8 us, 58.1 sy,  0.0 ni,  3.9 id,  0.0 wa,  0.0 hi, 11.1 si,  0.0 st
%Cpu(s): 25.5 us, 58.4 sy,  0.0 ni,  3.6 id,  0.0 wa,  0.0 hi, 12.4 si,  0.0 st
%Cpu(s): 24.3 us, 56.0 sy,  0.0 ni,  2.9 id,  0.0 wa,  0.0 hi, 16.7 si,  0.0 st
%Cpu(s): 28.3 us, 52.1 sy,  0.0 ni,  3.7 id,  0.0 wa,  0.0 hi, 15.9 si,  0.0 st
%Cpu(s): 26.4 us, 54.2 sy,  0.0 ni,  3.6 id,  0.0 wa,  0.0 hi, 15.8 si,  0.0 st
%Cpu(s): 25.4 us, 55.3 sy,  0.0 ni,  3.7 id,  0.0 wa,  0.0 hi, 15.6 si,  0.0 st
%Cpu(s): 25.4 us, 54.1 sy,  0.0 ni,  3.9 id,  0.0 wa,  0.0 hi, 16.7 si,  0.0 st
%Cpu(s): 28.9 us, 53.2 sy,  0.0 ni,  6.3 id,  0.0 wa,  0.0 hi, 11.6 si,  0.0 st
%Cpu(s): 26.0 us, 53.5 sy,  0.0 ni,  5.8 id,  0.0 wa,  0.0 hi, 14.7 si,  0.0 st
%Cpu(s): 28.9 us, 53.6 sy,  0.0 ni,  4.3 id,  0.0 wa,  0.0 hi, 13.2 si,  0.0 st
%Cpu(s): 26.5 us, 53.3 sy,  0.0 ni,  3.0 id,  0.0 wa,  0.0 hi, 17.2 si,  0.0 st
%Cpu(s): 20.7 us, 60.4 sy,  0.0 ni,  3.6 id,  0.0 wa,  0.0 hi, 15.3 si,  0.0 st
%Cpu(s): 26.5 us, 56.6 sy,  0.0 ni,  3.0 id,  0.0 wa,  0.0 hi, 13.9 si,  0.0 st
%Cpu(s): 26.5 us, 56.8 sy,  0.0 ni,  3.9 id,  0.0 wa,  0.0 hi, 12.8 si,  0.0 st
%Cpu(s): 23.5 us, 60.2 sy,  0.0 ni,  4.3 id,  0.0 wa,  0.0 hi, 12.1 si,  0.0 st
%Cpu(s): 28.2 us, 54.2 sy,  0.0 ni,  4.2 id,  0.0 wa,  0.0 hi, 13.5 si,  0.0 st
%Cpu(s): 25.1 us, 58.4 sy,  0.0 ni,  4.3 id,  0.0 wa,  0.0 hi, 12.2 si,  0.0 st
%Cpu(s): 23.9 us, 54.8 sy,  0.0 ni,  3.3 id,  0.0 wa,  0.0 hi, 18.0 si,  0.0 st
%Cpu(s): 23.7 us, 56.6 sy,  0.0 ni,  4.9 id,  0.0 wa,  0.0 hi, 14.8 si,  0.0 st
%Cpu(s): 26.2 us, 55.4 sy,  0.0 ni,  3.0 id,  0.0 wa,  0.0 hi, 15.4 si,  0.0 st
%Cpu(s): 23.1 us, 57.8 sy,  0.0 ni,  2.8 id,  0.0 wa,  0.0 hi, 16.3 si,  0.0 st
%Cpu(s): 23.7 us, 58.1 sy,  0.0 ni,  3.2 id,  0.2 wa,  0.0 hi, 14.7 si,  0.0 st
%Cpu(s): 19.9 us, 60.4 sy,  0.0 ni,  1.6 id,  0.0 wa,  0.0 hi, 18.1 si,  0.0 st
%Cpu(s): 24.0 us, 57.1 sy,  0.0 ni,  2.7 id,  0.0 wa,  0.0 hi, 16.2 si,  0.0 st
%Cpu(s): 24.1 us, 53.8 sy,  0.0 ni,  2.5 id,  0.0 wa,  0.0 hi, 19.6 si,  0.0 st
%Cpu(s): 26.3 us, 50.8 sy,  0.0 ni,  3.2 id,  0.0 wa,  0.0 hi, 19.7 si,  0.0 st
%Cpu(s): 24.0 us, 52.8 sy,  0.0 ni,  3.4 id,  0.0 wa,  0.0 hi, 19.8 si,  0.0 st
%Cpu(s): 25.9 us, 54.2 sy,  0.0 ni,  4.5 id,  0.0 wa,  0.0 hi, 15.4 si,  0.0 st
%Cpu(s): 26.5 us, 52.1 sy,  0.0 ni,  3.5 id,  0.0 wa,  0.0 hi, 17.8 si,  0.0 st
%Cpu(s): 24.0 us, 53.1 sy,  0.0 ni,  3.7 id,  0.0 wa,  0.0 hi, 19.2 si,  0.0 st
%Cpu(s): 23.6 us, 56.4 sy,  0.0 ni,  2.9 id,  0.0 wa,  0.0 hi, 17.2 si,  0.0 st
%Cpu(s): 22.6 us, 58.6 sy,  0.0 ni,  3.2 id,  0.0 wa,  0.0 hi, 15.6 si,  0.0 st
%Cpu(s): 20.7 us, 56.6 sy,  0.0 ni,  2.1 id,  0.0 wa,  0.0 hi, 20.7 si,  0.0 st
%Cpu(s): 25.6 us, 54.6 sy,  0.0 ni,  1.8 id,  0.0 wa,  0.0 hi, 18.0 si,  0.0 st
%Cpu(s): 23.8 us, 58.3 sy,  0.0 ni,  2.6 id,  0.0 wa,  0.0 hi, 15.4 si,  0.0 st
%Cpu(s): 23.1 us, 53.9 sy,  0.0 ni,  3.5 id,  0.0 wa,  0.0 hi, 19.4 si,  0.0 st
%Cpu(s): 27.4 us, 49.0 sy,  0.0 ni,  3.5 id,  0.0 wa,  0.0 hi, 20.2 si,  0.0 st
%Cpu(s): 21.9 us, 58.4 sy,  0.0 ni,  2.5 id,  0.0 wa,  0.0 hi, 17.1 si,  0.0 st
%Cpu(s): 22.2 us, 55.8 sy,  0.0 ni,  2.6 id,  0.0 wa,  0.0 hi, 19.3 si,  0.0 st
%Cpu(s): 25.6 us, 52.7 sy,  0.0 ni,  3.7 id,  0.0 wa,  0.0 hi, 18.0 si,  0.0 st
%Cpu(s): 24.8 us, 55.6 sy,  0.0 ni,  3.5 id,  0.0 wa,  0.0 hi, 16.2 si,  0.0 st
%Cpu(s): 24.7 us, 52.8 sy,  0.0 ni,  3.0 id,  0.0 wa,  0.0 hi, 19.6 si,  0.0 st
%Cpu(s): 24.6 us, 57.0 sy,  0.0 ni,  4.0 id,  0.0 wa,  0.0 hi, 14.3 si,  0.0 st
%Cpu(s): 24.7 us, 55.4 sy,  0.0 ni,  3.2 id,  0.0 wa,  0.0 hi, 16.7 si,  0.0 st
%Cpu(s): 25.6 us, 57.6 sy,  0.0 ni,  2.8 id,  0.0 wa,  0.0 hi, 14.0 si,  0.0 st
%Cpu(s): 26.9 us, 52.5 sy,  0.0 ni,  3.8 id,  0.0 wa,  0.0 hi, 16.8 si,  0.0 st
%Cpu(s): 25.2 us, 57.0 sy,  0.0 ni,  2.7 id,  0.0 wa,  0.0 hi, 15.1 si,  0.0 st
%Cpu(s): 26.8 us, 52.9 sy,  0.0 ni,  2.3 id,  0.0 wa,  0.0 hi, 18.1 si,  0.0 st
%Cpu(s): 26.7 us, 55.6 sy,  0.0 ni,  1.8 id,  0.0 wa,  0.0 hi, 16.0 si,  0.0 st
%Cpu(s): 25.6 us, 50.3 sy,  0.0 ni,  2.3 id,  0.0 wa,  0.0 hi, 21.7 si,  0.0 st
%Cpu(s): 25.3 us, 55.4 sy,  0.0 ni,  2.1 id,  0.0 wa,  0.0 hi, 17.2 si,  0.0 st
%Cpu(s): 25.2 us, 55.6 sy,  0.0 ni,  1.8 id,  0.0 wa,  0.0 hi, 17.3 si,  0.0 st
%Cpu(s): 24.9 us, 54.2 sy,  0.0 ni,  2.4 id,  0.0 wa,  0.0 hi, 18.5 si,  0.0 st
%Cpu(s): 24.7 us, 55.7 sy,  0.0 ni,  2.9 id,  0.0 wa,  0.0 hi, 16.7 si,  0.0 st
%Cpu(s): 25.2 us, 55.2 sy,  0.0 ni,  1.8 id,  0.0 wa,  0.0 hi, 17.8 si,  0.0 st
%Cpu(s): 21.5 us, 56.3 sy,  0.0 ni,  2.7 id,  0.0 wa,  0.0 hi, 19.5 si,  0.0 st
%Cpu(s): 22.2 us, 54.0 sy,  0.0 ni,  2.8 id,  0.0 wa,  0.0 hi, 21.1 si,  0.0 st
%Cpu(s): 24.6 us, 54.1 sy,  0.0 ni,  2.2 id,  0.0 wa,  0.0 hi, 19.0 si,  0.0 st
%Cpu(s): 28.1 us, 50.6 sy,  0.0 ni,  4.5 id,  0.0 wa,  0.0 hi, 16.8 si,  0.0 st
%Cpu(s): 25.1 us, 53.4 sy,  0.0 ni,  4.4 id,  0.0 wa,  0.0 hi, 17.1 si,  0.0 st
%Cpu(s): 25.7 us, 56.8 sy,  0.0 ni,  3.8 id,  0.0 wa,  0.0 hi, 13.8 si,  0.0 st
%Cpu(s): 26.1 us, 53.2 sy,  0.0 ni,  3.1 id,  0.0 wa,  0.0 hi, 17.6 si,  0.0 st
